1	Artur Gogutlov	215 229 235 238 226 229 234 32 240 238 230 228 229 237 32 228 235 255 32 242 240 243 228 224 46
2	Абзалитдинова Наталья	193 229 231 32 242 240 243 228 224 32 237 229 32 226 251 242 224 249 232 248 252 32 232 32 240 251 225 234 243 32 232 231 32 239 240 243 228 224 46
3	Алёна Александрова	215 242 238 32 239 238 242 240 243 228 232 235 241 255 44 32 242 238 32 232 32 239 238 229 235 46
4	Алена Вельчинская	194 238 235 255 32 232 32 242 240 243 228 32 228 232 226 237 251 229 32 226 241 245 238 228 251 32 228 224 254 242 46
5	Алиса Захарова	205 229 32 239 238 242 240 243 228 232 242 252 241 255 44 32 242 224 234 32 232 32 245 235 229 225 224 32 237 229 32 228 238 225 232 242 252 241 255 46
6	Анастасия Михайлова	202 242 238 32 245 238 240 238 248 238 32 242 240 243 228 232 242 241 255 44 32 242 238 236 243 32 229 241 242 252 32 247 229 236 32 245 226 224 235 232 242 252 241 255 46
7	Анатолий Коляденков	210 240 243 228 32 247 229 235 238 226 229 234 224 32 234 238 240 236 232 242 44 32 224 32 235 229 237 252 32 239 238 240 242 232 242 46
8	Андрей Федотов	205 224 248 229 32 241 247 224 241 242 252 229 32 226 32 238 225 249 229 236 32 242 240 243 228 229 46
9	Антон Кузовков	202 242 238 32 242 240 243 228 232 242 241 255 44 32 242 238 242 32 232 32 239 238 235 252 231 243 229 242 241 255 46
10	Арсен Рабаданов	193 229 231 32 242 240 243 228 224 32 237 229 242 32 228 238 225 240 224 46
11	Артем Николаев	193 229 231 32 242 240 243 228 224 32 236 229 228 243 32 237 229 32 229 228 255 242 46
12	Белкин Герман	210 240 243 228 238 226 224 255 32 228 229 237 229 230 234 224 32 151 32 236 238 231 238 235 252 237 224 255 46
13	БОБРИКОВ НИКИТА	210 240 243 228 32 234 238 240 236 232 242 32 232 32 238 228 229 226 224 229 242 46
14	Ботанин Степан	205 229 32 231 224 236 238 247 232 226 32 240 243 234 44 32 237 229 32 243 236 238 229 248 252 241 255 46
15	Буданцев Павел	194 240 224 231 243 236 232 241 252 32 231 228 240 224 226 238 44 32 237 224 247 237 232 32 240 224 237 238 44 32 232 241 239 238 235 237 232 32 239 240 232 235 229 230 237 238 46
16	Вероника Васильева	205 229 32 240 224 231 227 240 251 231 242 252 32 238 240 229 245 224 32 151 32 237 229 32 241 250 229 241 242 252 32 232 32 255 228 240 224 46
17	Виктория Берестовая	194 241 242 224 237 229 248 252 32 239 238 240 224 237 252 248 229 32 151 32 248 224 227 237 229 248 252 32 239 238 228 224 235 252 248 229 46
18	Виктория Молокова	193 229 231 32 245 238 240 238 248 229 227 238 32 242 240 243 228 224 32 237 229 242 32 239 235 238 228 224 46
19	Владимир Антонович	205 229 32 240 224 231 225 232 226 248 232 32 255 232 246 44 32 237 229 32 241 228 229 235 224 229 248 252 32 255 232 247 237 232 246 251 46
20	Владимир Кузьмин	205 229 32 239 238 234 235 238 237 255 241 252 32 228 238 32 231 229 236 235 232 44 32 232 32 227 240 232 225 234 224 32 237 229 32 239 238 228 251 236 229 248 252 46
21	Владимир Никитин	210 224 236 32 232 32 245 235 229 225 32 237 229 32 240 238 228 232 242 241 255 44 32 227 228 229 32 234 242 238 32 226 32 239 238 235 229 32 237 229 32 242 240 243 228 232 242 241 255 46
22	ВЛАСЕНКО ЕЛЕНА	199 224 230 232 242 238 247 237 238 32 230 232 242 252 32 151 32 237 224 228 238 32 242 240 243 228 32 235 254 225 232 242 252 46
23	Воронцов Николай	202 242 238 32 235 254 225 232 242 32 239 240 238 245 235 224 230 228 224 242 252 241 255 44 32 242 238 236 243 32 226 32 245 226 238 241 242 229 32 238 241 242 224 226 224 242 252 241 255 46
24	Герман Кокуркин	196 232 242 255 32 235 254 225 232 242 32 235 224 241 234 243 44 32 224 32 241 242 224 237 238 234 32 151 32 241 236 224 231 234 243 46
25	Дарья Денисова	205 229 32 241 235 229 228 232 32 231 224 32 227 243 228 234 238 236 44 32 224 32 241 235 229 228 232 32 231 224 32 241 242 224 237 234 238 236 46
26	Денис Боченков	210 240 243 228 32 239 240 232 32 243 247 229 237 232 232 32 241 234 243 247 229 237 44 32 228 224 32 239 235 238 228 32 238 242 32 243 247 229 237 232 255 32 226 234 243 241 229 237 46
27	Дмитрий Матвеев	210 240 243 228 224 32 236 237 238 227 238 44 32 224 32 228 238 225 251 247 232 32 236 224 235 238 46
28	Евгения Мясникова	210 240 243 228 238 226 224 255 32 228 229 237 229 230 234 224 32 228 238 32 226 229 234 243 32 230 232 226 229 242 46
29	Екатерина Долбаненко	210 240 243 228 238 226 238 229 32 225 229 241 239 238 240 238 247 237 238 44 32 245 238 242 252 32 236 224 235 238 44 32 228 224 32 239 240 238 247 237 238 46
30	Екатерина Долбаненко	194 32 242 240 243 228 229 32 239 238 225 229 228 232 242 252 32 151 32 236 232 240 32 243 234 240 229 239 232 242 252 46
31	Екатерина Нестеренко	194 32 242 240 243 228 229 32 240 238 230 228 224 254 242 241 255 32 227 229 240 238 232 46
32	Елена Куприенко	195 228 229 32 242 240 243 228 44 32 242 224 236 32 232 32 241 247 224 241 242 252 229 46
33	Зверева Кристина	210 240 243 228 238 226 238 229 32 228 238 225 240 238 32 237 232 32 226 32 226 238 228 229 32 237 229 32 242 238 237 229 242 44 32 237 232 32 237 224 32 238 227 237 229 32 237 229 32 227 238 240 232 242 46
34	Зиннат Максутов	206 242 32 225 229 241 241 238 237 237 232 246 251 32 242 240 243 228 238 236 32 235 229 247 224 242 241 255 46
35	Ирик Нурисламов	202 242 238 32 235 254 225 232 242 32 242 240 243 228 232 242 252 241 255 44 32 242 238 236 243 32 229 241 242 252 32 247 229 236 32 239 238 245 226 224 235 232 242 252 241 255 46
36	Ирина Селиванова	203 243 247 248 229 32 247 229 241 242 237 251 236 32 242 240 243 228 238 236 32 228 238 225 251 242 224 255 32 247 229 240 241 242 226 224 255 32 234 238 240 234 224 44 32 247 229 236 32 241 228 238 225 237 251 233 32 239 232 240 238 227 44 32 228 224 32 234 240 224 228 229 237 251 233 46
37	Колодезникова Наталья	210 238 242 32 237 232 247 229 227 238 32 237 229 32 225 238 232 242 241 255 44 32 234 242 238 32 247 229 241 242 237 238 32 242 240 243 228 232 242 241 255 46
38	Корлеоне Юлия	210 240 243 228 224 32 237 229 32 242 229 240 239 229 226 44 32 232 32 247 229 241 242 232 32 237 229 32 225 243 228 229 242 46
39	КОСИЧ НИКОЛА	215 229 241 242 232 32 225 229 231 32 242 240 243 228 224 32 237 229 32 241 251 241 234 224 242 252 46
40	КУДРЯШОВ ВЛАДИМИР	193 229 231 32 242 240 243 228 224 32 226 32 241 224 228 243 32 237 229 242 32 239 235 238 228 224 46
41	Лев Орлов	Без труда и отдых несладок.
42	Лучанская Мария	193 229 231 32 242 240 243 228 224 32 232 32 239 224 235 234 243 32 237 229 32 226 251 241 242 240 243 227 224 229 248 252 46
43	Лягутов Олег	193 229 231 32 242 240 243 228 224 32 237 229 32 239 240 238 230 232 226 229 248 252 46
44	Макшанова Анастасия	193 229 231 32 242 240 243 228 237 238 241 242 229 233 32 242 240 243 228 32 237 229 236 251 241 235 232 236 46
45	Мария Волкова	193 229 231 32 243 241 239 229 245 224 32 226 32 243 247 229 225 229 32 237 229 242 32 243 241 239 229 245 224 32 226 32 242 240 243 228 229 46
46	Михайлова Марина	193 229 231 32 243 247 229 225 251 32 232 32 242 240 243 228 224 32 237 229 32 239 240 232 228 229 242 32 237 224 32 241 242 238 235 32 229 228 224 46
47	Мурашкин Вячеслав	193 229 231 32 243 247 229 237 232 255 44 32 225 229 231 32 242 240 243 228 224 32 232 32 230 232 231 237 252 32 237 229 32 227 238 228 237 224 32 237 232 234 243 228 224 46
48	Наталья Грибкова	193 229 231 32 245 235 238 239 238 242 32 232 32 242 240 243 228 224 32 240 224 241 242 229 242 32 237 229 32 234 243 234 243 240 243 231 224 44 32 224 32 235 229 225 229 228 224 46
49	Нейман Рудольф	193 235 224 227 238 32 230 232 231 237 232 32 151 32 226 32 242 240 243 228 229 46
50	Никита Горбачёв	193 238 227 32 242 240 243 228 251 32 235 254 225 232 242 46
51	Нина Ларина	193 243 228 229 248 252 32 242 240 243 228 232 242 252 241 255 32 151 32 225 243 228 229 242 32 243 32 242 229 225 255 32 232 32 245 235 229 225 44 32 232 32 236 238 235 238 234 238 32 226 238 228 232 242 252 241 255 46
52	Новиковский Сергей	193 243 228 229 248 252 32 243 239 238 240 237 238 32 242 240 243 228 232 242 252 241 255 32 151 32 225 243 228 229 242 32 245 235 229 225 32 226 32 231 224 234 240 238 236 224 245 32 226 238 228 232 242 252 241 255 46
53	Ольга Соколова	193 251 242 32 231 228 238 240 238 226 251 233 32 151 32 242 240 243 228 32 242 238 235 234 238 226 251 233 59 32 225 251 242 32 239 235 238 245 238 233 32 151 32 232 32 242 240 243 228 32 242 224 234 238 233 46
54	Петр Синельников	194 32 237 224 240 238 228 229 32 242 238 242 32 237 229 32 231 224 225 243 228 229 242 241 255 44 32 234 242 238 32 247 229 241 242 237 238 32 242 240 243 228 232 242 241 255 46
55	ПИСАРЕВ АНДРЕЙ	194 32 239 238 235 229 32 204 224 235 224 237 252 255 32 237 229 32 240 224 228 232 32 227 243 235 255 237 252 255 44 32 224 32 241 239 232 237 243 248 234 243 32 227 237 229 242 44 32 228 235 255 32 242 240 243 228 224 32 230 232 226 229 242 46
56	Рафикова Лилия	194 32 242 240 243 228 229 32 151 32 237 224 248 229 32 241 247 224 241 242 252 229 46
57	Рафикова Лилия	194 228 238 245 237 238 226 229 237 232 229 32 239 240 232 245 238 228 232 242 32 226 238 32 226 240 229 236 255 32 242 240 243 228 224 46
58	Рахматуллина Нурия	194 229 234 32 230 232 226 232 32 151 32 226 229 234 32 242 240 243 228 232 241 252 44 32 224 32 242 240 243 228 255 241 252 44 32 226 229 234 32 243 247 232 241 252 46
59	Ружинский Олег	194 241 255 234 224 255 32 225 238 240 238 231 228 224 32 242 240 243 228 32 235 254 225 232 242 46
60	Савельева Полина	194 241 255 234 232 233 32 242 240 243 228 32 228 238 241 242 238 232 237 32 237 224 227 240 224 228 251 46
61	Саунин Юрий	194 241 255 234 232 233 32 242 240 243 228 32 246 229 237 229 237 44 32 228 224 32 237 229 32 226 241 255 234 232 233 32 239 238 235 229 231 229 237 46
62	Светлана Малащенко	195 228 229 32 238 245 238 242 224 32 232 32 242 240 243 228 44 32 242 224 236 32 239 238 235 255 32 246 226 229 242 243 242 46
63	Светлана Смирнова	195 228 229 32 242 240 243 228 44 32 242 224 236 32 232 32 239 240 224 226 228 224 46
64	Сергей	196 224 240 238 226 238 229 32 151 32 237 224 32 226 229 242 229 240 44 32 242 240 243 228 238 226 238 229 32 151 32 226 32 241 238 234 32 228 224 32 226 32 234 238 240 229 237 252 46
65	Сергей Егоров	196 235 255 32 228 238 225 240 224 32 242 240 243 228 232 242 252 241 255 32 151 32 229 241 242 252 32 247 229 236 32 239 238 245 226 224 235 232 242 252 241 255 46
66	Сергей Зиновьев	196 235 255 32 234 238 227 238 32 242 240 243 228 32 151 32 240 224 228 238 241 242 252 44 32 228 235 255 32 242 238 227 238 32 230 232 231 237 252 32 151 32 241 247 224 241 242 252 229 46
67	Сергей Сосунов	197 241 235 232 32 242 240 243 228 32 151 32 243 228 238 226 238 235 252 241 242 226 232 229 44 32 242 238 32 230 232 231 237 252 32 151 32 237 224 241 235 224 230 228 229 237 232 229 46
68	Сергей Торлопов	198 232 226 232 32 241 226 238 232 236 32 243 236 238 236 44 32 224 32 247 229 241 242 252 32 240 224 241 242 232 32 242 240 243 228 238 236 46
69	Силантьев Кирилл	199 224 32 242 240 243 228 32 237 229 32 225 252 254 242 44 32 224 32 237 224 227 240 224 228 251 32 228 224 254 242 46
70	Станислав Аношин	199 224 32 242 240 243 228 238 226 243 254 32 234 238 239 229 233 234 243 32 225 229 233 241 255 44 32 237 229 242 240 243 228 238 226 238 233 32 234 238 239 229 233 234 232 32 225 238 233 241 255 46
71	Станислав Яворский	202 242 238 32 245 238 240 238 248 238 32 242 240 243 228 232 242 241 255 44 32 242 238 236 243 32 229 241 242 252 32 247 229 236 32 245 226 224 235 232 242 252 241 255 46
72	Суворова Маргарита	193 229 231 32 242 240 243 228 224 32 226 32 241 224 228 243 32 237 229 242 32 239 235 238 228 224 46
73	Сытников Сергей	193 243 228 229 248 252 32 243 239 238 240 237 238 32 242 240 243 228 232 242 252 241 255 32 151 32 225 243 228 229 242 32 245 235 229 225 32 226 32 231 224 234 240 238 236 224 245 32 226 238 228 232 242 252 241 255 46
74	Талько Глеб	194 32 242 240 243 228 229 32 151 32 237 224 248 229 32 241 247 224 241 242 252 229 46
75	Топчевская Елена	195 228 229 32 238 245 238 242 224 32 232 32 242 240 243 228 44 32 242 224 236 32 239 238 235 255 32 246 226 229 242 243 242 46
76	Трушин Андрей	Без учения, без труда жизнь не годна никуда.
77	Хромова Татьяна	197 241 235 232 32 242 240 243 228 32 151 32 243 228 238 226 238 235 252 241 242 226 232 229 44 32 242 238 32 230 232 231 237 252 32 151 32 237 224 241 235 224 230 228 229 237 232 229 46
78	Цахаев Тимур	193 229 231 32 242 240 243 228 224 32 226 32 241 224 228 243 32 237 229 242 32 239 235 238 228 224 46
79	Шарифуллин Олег	196 235 255 32 228 238 225 240 224 32 242 240 243 228 232 242 252 241 255 32 151 32 229 241 242 252 32 247 229 236 32 239 238 245 226 224 235 232 242 252 241 255 46
80	Шлыкова Маргарита	194 241 255 234 232 233 32 242 240 243 228 32 228 238 241 242 238 232 237 32 237 224 227 240 224 228 251 46
81	Юрий Антипатров	194 32 242 240 243 228 229 32 151 32 237 224 248 229 32 241 247 224 241 242 252 229 46
82	Пример	210 240 243 228 238 226 238 229 32 225 229 241 239 238 240 238 247 237 238 44 32 245 238 242 252 32 236 224 235 238 44 32 228 224 32 239 240 238 247 237 238 46
83	Для тех кто не в списке	194 241 255 234 232 233 32 242 240 243 228 32 246 229 237 229 237 44 32 228 224 32 237 229 32 226 241 255 234 232 233 32 239 238 235 229 231 229 237 46
